10000.0 3025.96
8111.31 2926.85
6579.33 2827.81
5336.7 2728.16
4328.76 2622.03
3511.19 2501.15
2848.04 2373.16
2310.13 2231.99
1873.82 2100.26
1519.91 1976.83
1232.85 1861.05
1000.0 1752.42
811.131 1650.37
657.933 1554.46
533.67 1495.76
432.876 1469.67
351.119 1454.1
284.804 1443.11
231.013 1435.32
187.382 1429.82
151.991 1425.88
123.285 1423.06
100.0 1421.02
81.1131 1419.55
65.7933 1418.48
53.367 1417.71
43.2876 1417.15
35.1119 1416.74
28.4804 1416.43
23.1013 1416.19
18.7382 1415.96
15.1991 1415.68
12.3285 1415.24
10.0 1414.54
8.69749 1413.83
7.56463 1412.95
6.57933 1411.91
5.72237 1410.78
4.97702 1409.64
4.32876 1408.64
3.76494 1407.17
3.27455 1404.67
2.84804 1401.07
2.47708 1396.48
2.15443 1390.77
1.87382 1383.89
1.62975 1375.83
1.41747 1366.66
1.23285 1356.47
1.07227 1345.45
0.932603 1333.77
0.811131 1321.61
0.70548 1309.1
0.613591 1296.32
0.53367 1283.29
0.464159 1270.05
0.403702 1256.58
0.351119 1242.85
0.305386 1228.86
0.265609 1214.58
0.231013 1200.03
0.200923 1185.27
0.174753 1170.4
0.151991 1155.43
0.132194 1140.41
0.114976 1125.34
0.1 1110.12
0.0756463 1080.3
0.0572237 1050.68
0.0432876 1021.58
0.0327455 993.265
0.0247708 966.121
0.0187382 940.34
0.0141747 915.878
0.0107227 892.654
0.00811131 870.609
0.00613591 849.654
0.00464159 829.697
0.00351119 810.711
0.00265609 792.747
0.00200923 775.861
0.00151991 759.961
0.00114976 744.878
0.000869749 730.468
0.000657933 716.587
0.000497702 703.145
0.000376494 690.164
0.000284804 677.646
0.000215443 665.649
0.000162975 654.261
0.000123285 643.567
9.32603e-05 633.621
7.0548e-05 624.458
5.3367e-05 616.09
4.03702e-05 608.523
3.05386e-05 601.762
2.31013e-05 595.835
1.74753e-05 590.725
1.32194e-05 586.368
1e-05 582.674
