10000.0 3641.09
8111.31 3422.67
6579.33 3218.38
5336.7 3027.28
4328.76 2848.45
3511.19 2680.99
2848.04 2524.05
2310.13 2376.85
1873.82 2238.64
1519.91 2108.76
1232.85 1986.6
1000.0 1892.1
811.131 1809.2
657.933 1747.46
533.67 1707.54
432.876 1687.91
351.119 1679.19
284.804 1674.2
231.013 1670.82
187.382 1668.48
151.991 1666.83
123.285 1665.67
100.0 1664.84
81.1131 1664.26
65.7933 1663.85
53.367 1663.56
43.2876 1663.36
35.1119 1663.22
28.4804 1663.13
23.1013 1663.06
18.7382 1663.01
15.1991 1662.93
12.3285 1662.65
10.0 1661.94
8.69749 1661.07
7.56463 1659.86
6.57933 1658.24
5.72237 1656.07
4.97702 1653.23
4.32876 1649.67
3.76494 1645.45
3.27455 1640.71
2.84804 1635.66
2.47708 1630.93
2.15443 1625.48
1.87382 1617.2
1.62975 1604.12
1.41747 1589.48
1.23285 1574.08
1.07227 1558.1
0.932603 1541.96
0.811131 1526.09
0.70548 1510.69
0.613591 1495.81
0.53367 1481.34
0.464159 1467.11
0.403702 1452.87
0.351119 1438.38
0.305386 1423.48
0.265609 1408.06
0.231013 1392.1
0.200923 1375.68
0.174753 1358.87
0.151991 1341.73
0.132194 1324.32
0.114976 1306.73
0.1 1289.03
0.0756463 1253.86
0.0572237 1218.79
0.0432876 1184.69
0.0327455 1152.38
0.0247708 1122.3
0.0187382 1094.5
0.0141747 1068.83
0.0107227 1045.0
0.00811131 1022.58
0.00613591 1001.22
0.00464159 980.825
0.00351119 961.379
0.00265609 942.809
0.00200923 925.069
0.00151991 908.153
0.00114976 892.132
0.000869749 877.113
0.000657933 863.074
0.000497702 850.004
0.000376494 837.847
0.000284804 826.513
0.000215443 815.871
0.000162975 805.781
0.000123285 796.103
9.32603e-05 786.746
7.0548e-05 777.676
5.3367e-05 768.936
4.03702e-05 760.627
3.05386e-05 752.762
2.31013e-05 745.386
1.74753e-05 738.259
1.32194e-05 731.135
1e-05 723.608
