10000.0 3627.32
8111.31 3409.61
6579.33 3205.98
5336.7 3015.51
4328.76 2837.27
3511.19 2670.39
2848.04 2514.02
2310.13 2367.36
1873.82 2229.68
1519.91 2100.31
1232.85 1978.64
1000.0 1882.26
811.131 1797.5
657.933 1736.01
533.67 1698.3
432.876 1680.58
351.119 1672.35
284.804 1667.32
231.013 1663.87
187.382 1661.47
151.991 1659.78
123.285 1658.58
100.0 1657.72
81.1131 1657.11
65.7933 1656.67
53.367 1656.36
43.2876 1656.14
35.1119 1655.99
28.4804 1655.88
23.1013 1655.81
18.7382 1655.76
15.1991 1655.7
12.3285 1655.55
10.0 1655.1
8.69749 1654.47
7.56463 1653.55
6.57933 1652.31
5.72237 1650.69
4.97702 1648.63
4.32876 1645.99
3.76494 1642.62
3.27455 1638.34
2.84804 1633.13
2.47708 1627.49
2.15443 1620.69
1.87382 1610.93
1.62975 1595.74
1.41747 1579.03
1.23285 1561.72
1.07227 1543.89
0.932603 1525.85
0.811131 1507.99
0.70548 1490.5
0.613591 1473.47
0.53367 1456.84
0.464159 1440.47
0.403702 1424.18
0.351119 1407.79
0.305386 1391.2
0.265609 1374.41
0.231013 1357.43
0.200923 1340.27
0.174753 1322.99
0.151991 1305.63
0.132194 1288.26
0.114976 1270.91
0.1 1253.53
0.0756463 1219.66
0.0572237 1186.5
0.0432876 1154.81
0.0327455 1124.87
0.0247708 1096.64
0.0187382 1070.08
0.0141747 1045.08
0.0107227 1021.5
0.00811131 999.191
0.00613591 978.079
0.00464159 958.166
0.00351119 939.413
0.00265609 921.779
0.00200923 905.24
0.00151991 889.824
0.00114976 875.561
0.000869749 862.4
0.000657933 850.182
0.000497702 838.681
0.000376494 827.577
0.000284804 816.524
0.000215443 805.245
0.000162975 793.628
0.000123285 781.703
9.32603e-05 769.627
7.0548e-05 757.64
5.3367e-05 745.996
4.03702e-05 734.905
3.05386e-05 724.474
2.31013e-05 714.661
1.74753e-05 705.266
1.32194e-05 696.01
1e-05 686.662
