10000.0 2654.27
8111.31 2562.09
6579.33 2469.1
5336.7 2379.86
4328.76 2296.65
3511.19 2217.94
2848.04 2136.47
2310.13 2061.24
1873.82 1982.28
1519.91 1919.06
1232.85 1868.32
1000.0 1831.0
811.131 1804.9
657.933 1787.38
533.67 1775.57
432.876 1768.75
351.119 1765.02
284.804 1762.67
231.013 1761.07
187.382 1759.98
151.991 1759.22
123.285 1758.68
100.0 1758.29
81.1131 1758.0
65.7933 1757.8
53.367 1757.64
43.2876 1757.53
35.1119 1757.45
28.4804 1757.39
23.1013 1757.35
18.7382 1757.31
15.1991 1757.27
12.3285 1757.2
10.0 1757.08
8.69749 1756.94
7.56463 1756.73
6.57933 1756.43
5.72237 1755.99
4.97702 1755.39
4.32876 1754.6
3.76494 1753.57
3.27455 1752.27
2.84804 1750.66
2.47708 1748.71
2.15443 1746.4
1.87382 1743.72
1.62975 1740.66
1.41747 1737.22
1.23285 1733.4
1.07227 1729.19
0.932603 1724.55
0.811131 1719.48
0.70548 1714.01
0.613591 1708.18
0.53367 1702.07
0.464159 1695.74
0.403702 1689.25
0.351119 1682.62
0.305386 1675.85
0.265609 1668.93
0.231013 1661.8
0.200923 1654.4
0.174753 1646.66
0.151991 1638.5
0.132194 1629.85
0.114976 1620.56
0.1 1610.33
0.0756463 1587.59
0.0572237 1560.32
0.0432876 1529.8
0.0327455 1496.97
0.0247708 1462.74
0.0187382 1427.91
0.0141747 1393.18
0.0107227 1358.98
0.00811131 1324.82
0.00613591 1290.63
0.00464159 1257.51
0.00351119 1225.82
0.00265609 1195.56
0.00200923 1166.81
0.00151991 1139.54
0.00114976 1113.55
0.000869749 1088.77
0.000657933 1065.22
0.000497702 1043.11
0.000376494 1022.27
0.000284804 1002.6
0.000215443 984.063
0.000162975 966.719
0.000123285 950.577
9.32603e-05 935.643
7.0548e-05 921.91
5.3367e-05 909.333
4.03702e-05 897.827
3.05386e-05 887.292
2.31013e-05 877.628
1.74753e-05 868.743
1.32194e-05 860.543
1e-05 852.939
