10000.0 3925.24
8111.31 3697.88
6579.33 3483.72
5336.7 3281.99
4328.76 3091.97
3511.19 2912.96
2848.04 2744.34
2310.13 2585.49
1873.82 2435.84
1519.91 2294.86
1232.85 2162.05
1000.0 2036.93
811.131 1919.05
657.933 1808.0
533.67 1703.38
432.876 1604.81
351.119 1511.94
284.804 1424.45
231.013 1368.91
187.382 1334.13
151.991 1311.0
123.285 1296.11
100.0 1285.89
81.1131 1278.62
65.7933 1273.23
53.367 1269.24
43.2876 1266.3
35.1119 1264.11
28.4804 1262.5
23.1013 1261.3
18.7382 1260.4
15.1991 1259.74
12.3285 1259.24
10.0 1258.86
8.69749 1258.67
7.56463 1258.51
6.57933 1258.37
5.72237 1258.26
4.97702 1258.17
4.32876 1258.09
3.76494 1258.02
3.27455 1257.96
2.84804 1257.87
2.47708 1257.75
2.15443 1257.56
1.87382 1257.23
1.62975 1256.71
1.41747 1255.91
1.23285 1254.75
1.07227 1253.18
0.932603 1251.23
0.811131 1248.99
0.70548 1246.67
0.613591 1244.5
0.53367 1242.74
0.464159 1241.63
0.403702 1241.3
0.351119 1241.82
0.305386 1243.17
0.265609 1245.25
0.231013 1247.94
0.200923 1251.1
0.174753 1254.61
0.151991 1258.35
0.132194 1262.22
0.114976 1266.17
0.1 1270.12
0.0756463 1277.12
0.0572237 1283.23
0.0432876 1288.48
0.0327455 1293.37
0.0247708 1298.56
0.0187382 1304.52
0.0141747 1311.39
0.0107227 1319.23
0.00811131 1327.94
0.00613591 1337.83
0.00464159 1349.06
0.00351119 1361.45
0.00265609 1374.33
0.00200923 1387.69
0.00151991 1401.68
0.00114976 1415.68
0.000869749 1432.83
0.000657933 1455.57
0.000497702 1482.56
0.000376494 1514.79
0.000284804 1553.22
0.000215443 1599.31
0.000162975 1654.77
0.000123285 1718.48
9.32603e-05 1789.49
7.0548e-05 1865.17
5.3367e-05 1939.23
4.03702e-05 2009.73
3.05386e-05 2075.29
2.31013e-05 2137.54
1.74753e-05 2198.82
1.32194e-05 2264.3
1e-05 2354.88
