10000.0 3063.07
8111.31 2979.85
6579.33 2900.16
5336.7 2824.07
4328.76 2751.87
3511.19 2683.73
2848.04 2617.57
2310.13 2551.25
1873.82 2491.08
1519.91 2437.14
1232.85 2389.24
1000.0 2347.85
811.131 2313.48
657.933 2287.55
533.67 2270.01
432.876 2258.78
351.119 2252.5
284.804 2249.45
231.013 2247.67
187.382 2246.45
151.991 2245.53
123.285 2244.83
100.0 2244.28
81.1131 2243.86
65.7933 2243.54
53.367 2243.28
43.2876 2243.07
35.1119 2242.91
28.4804 2242.79
23.1013 2242.67
18.7382 2242.55
15.1991 2242.35
12.3285 2241.93
10.0 2241.06
8.69749 2240.01
7.56463 2238.51
6.57933 2236.41
5.72237 2233.6
4.97702 2229.94
4.32876 2225.31
3.76494 2219.57
3.27455 2212.57
2.84804 2204.22
2.47708 2194.89
2.15443 2185.15
1.87382 2175.62
1.62975 2166.76
1.41747 2158.07
1.23285 2149.38
1.07227 2140.63
0.932603 2131.67
0.811131 2122.32
0.70548 2112.42
0.613591 2101.79
0.53367 2090.22
0.464159 2077.52
0.403702 2063.51
0.351119 2048.06
0.305386 2031.08
0.265609 2012.52
0.231013 1992.39
0.200923 1970.81
0.174753 1947.86
0.151991 1923.65
0.132194 1898.26
0.114976 1871.82
0.1 1844.44
0.0756463 1788.91
0.0572237 1731.98
0.0432876 1675.63
0.0327455 1620.95
0.0247708 1568.81
0.0187382 1519.63
0.0141747 1473.17
0.0107227 1428.95
0.00811131 1386.69
0.00613591 1346.35
0.00464159 1307.85
0.00351119 1271.04
0.00265609 1235.88
0.00200923 1202.42
0.00151991 1170.99
0.00114976 1141.78
0.000869749 1114.56
0.000657933 1088.87
0.000497702 1064.38
0.000376494 1040.78
0.000284804 1017.86
0.000215443 995.587
0.000162975 974.111
0.000123285 953.522
9.32603e-05 933.774
7.0548e-05 914.745
5.3367e-05 896.288
4.03702e-05 878.235
3.05386e-05 860.21
2.31013e-05 841.831
1.74753e-05 822.494
1.32194e-05 800.813
1e-05 771.713
