10000.0 3674.72
8111.31 3460.36
6579.33 3258.73
5336.7 3069.03
4328.76 2890.53
3511.19 2722.56
2848.04 2564.47
2310.13 2415.66
1873.82 2275.56
1519.91 2143.67
1232.85 2019.47
1000.0 1902.51
811.131 1792.37
657.933 1688.63
533.67 1592.57
432.876 1546.73
351.119 1520.63
284.804 1503.65
231.013 1492.49
187.382 1485.09
151.991 1480.03
123.285 1476.57
100.0 1474.19
81.1131 1472.49
65.7933 1471.24
53.367 1470.33
43.2876 1469.66
35.1119 1469.17
28.4804 1468.81
23.1013 1468.55
18.7382 1468.35
15.1991 1468.21
12.3285 1468.1
10.0 1468.02
8.69749 1467.98
7.56463 1467.95
6.57933 1467.9
5.72237 1467.84
4.97702 1467.74
4.32876 1467.56
3.76494 1467.27
3.27455 1466.82
2.84804 1466.18
2.47708 1465.33
2.15443 1464.25
1.87382 1462.95
1.62975 1461.44
1.41747 1459.76
1.23285 1457.91
1.07227 1455.95
0.932603 1453.92
0.811131 1451.89
0.70548 1449.95
0.613591 1448.21
0.53367 1446.76
0.464159 1445.7
0.403702 1445.08
0.351119 1444.94
0.305386 1445.28
0.265609 1446.1
0.231013 1447.36
0.200923 1449.0
0.174753 1450.98
0.151991 1453.22
0.132194 1455.66
0.114976 1458.23
0.1 1460.8
0.0756463 1465.88
0.0572237 1470.4
0.0432876 1474.55
0.0327455 1478.27
0.0247708 1481.39
0.0187382 1483.93
0.0141747 1486.07
0.0107227 1488.3
0.00811131 1490.95
0.00613591 1492.99
0.00464159 1493.14
0.00351119 1489.94
0.00265609 1483.52
0.00200923 1474.74
0.00151991 1464.98
0.00114976 1456.3
0.000869749 1450.23
0.000657933 1447.21
0.000497702 1443.77
0.000376494 1441.07
0.000284804 1440.02
0.000215443 1440.88
0.000162975 1443.69
0.000123285 1448.55
9.32603e-05 1455.79
7.0548e-05 1465.76
5.3367e-05 1477.66
4.03702e-05 1491.25
3.05386e-05 1506.5
2.31013e-05 1523.58
1.74753e-05 1542.6
1.32194e-05 1564.07
1e-05 1589.82
