10000.0 3027.6
8111.31 2929.24
6579.33 2831.18
5336.7 2732.86
4328.76 2628.73
3511.19 2511.0
2848.04 2387.69
2310.13 2251.12
1873.82 2116.46
1519.91 1991.01
1232.85 1873.67
1000.0 1763.47
811.131 1660.03
657.933 1563.14
533.67 1498.32
432.876 1469.6
351.119 1453.71
284.804 1442.61
231.013 1434.73
187.382 1429.18
151.991 1425.2
123.285 1422.33
100.0 1420.27
81.1131 1418.77
65.7933 1417.69
53.367 1416.9
43.2876 1416.33
35.1119 1415.92
28.4804 1415.61
23.1013 1415.37
18.7382 1415.14
15.1991 1414.85
12.3285 1414.4
10.0 1413.66
8.69749 1412.92
7.56463 1412.03
6.57933 1411.02
5.72237 1409.98
4.97702 1408.99
4.32876 1408.17
3.76494 1406.74
3.27455 1404.08
2.84804 1400.3
2.47708 1395.53
2.15443 1389.78
1.87382 1383.03
1.62975 1375.31
1.41747 1366.64
1.23285 1357.08
1.07227 1346.76
0.932603 1335.81
0.811131 1324.4
0.70548 1312.61
0.613591 1300.46
0.53367 1287.97
0.464159 1275.12
0.403702 1261.92
0.351119 1248.36
0.305386 1234.45
0.265609 1220.2
0.231013 1205.63
0.200923 1190.83
0.174753 1175.87
0.151991 1160.81
0.132194 1145.67
0.114976 1130.47
0.1 1115.13
0.0756463 1084.98
0.0572237 1054.95
0.0432876 1025.41
0.0327455 996.668
0.0247708 969.16
0.0187382 943.141
0.0141747 918.576
0.0107227 895.357
0.00811131 873.401
0.00613591 852.59
0.00464159 832.778
0.00351119 813.89
0.00265609 795.944
0.00200923 779.042
0.00151991 763.169
0.00114976 748.176
0.000869749 733.92
0.000657933 720.232
0.000497702 706.995
0.000376494 694.169
0.000284804 681.761
0.000215443 669.793
0.000162975 658.349
0.000123285 647.531
9.32603e-05 637.423
7.0548e-05 628.089
5.3367e-05 619.57
4.03702e-05 611.894
3.05386e-05 605.077
2.31013e-05 599.106
1.74753e-05 593.919
1.32194e-05 589.398
1e-05 585.41
