10000.0 3035.41
8111.31 2945.74
6579.33 2857.93
5336.7 2771.72
4328.76 2686.09
3511.19 2593.11
2848.04 2495.95
2310.13 2398.74
1873.82 2296.8
1519.91 2188.45
1232.85 2068.56
1000.0 1964.76
811.131 1883.95
657.933 1810.74
533.67 1750.25
432.876 1707.23
351.119 1682.61
284.804 1669.42
231.013 1660.85
187.382 1654.63
151.991 1650.06
123.285 1646.69
100.0 1644.2
81.1131 1642.36
65.7933 1641.0
53.367 1639.99
43.2876 1639.25
35.1119 1638.69
28.4804 1638.27
23.1013 1637.93
18.7382 1637.59
15.1991 1637.16
12.3285 1636.49
10.0 1635.4
8.69749 1634.3
7.56463 1632.87
6.57933 1631.03
5.72237 1628.74
4.97702 1625.95
4.32876 1622.62
3.76494 1618.72
3.27455 1614.14
2.84804 1608.75
2.47708 1602.58
2.15443 1596.16
1.87382 1589.69
1.62975 1582.86
1.41747 1575.4
1.23285 1567.23
1.07227 1558.22
0.932603 1548.21
0.811131 1537.07
0.70548 1524.66
0.613591 1510.87
0.53367 1495.62
0.464159 1478.92
0.403702 1460.84
0.351119 1441.49
0.305386 1421.05
0.265609 1399.76
0.231013 1377.95
0.200923 1355.97
0.174753 1334.02
0.151991 1312.26
0.132194 1290.81
0.114976 1269.76
0.1 1249.13
0.0756463 1209.48
0.0572237 1171.32
0.0432876 1134.59
0.0327455 1098.83
0.0247708 1063.77
0.0187382 1029.44
0.0141747 996.108
0.0107227 964.388
0.00811131 934.736
0.00613591 907.181
0.00464159 881.745
0.00351119 858.329
0.00265609 836.655
0.00200923 816.422
0.00151991 797.393
0.00114976 779.51
0.000869749 762.719
0.000657933 746.745
0.000497702 731.507
0.000376494 716.903
0.000284804 702.865
0.000215443 689.455
0.000162975 676.604
0.000123285 664.219
9.32603e-05 652.208
7.0548e-05 640.48
5.3367e-05 628.956
4.03702e-05 617.554
3.05386e-05 606.178
2.31013e-05 594.746
1.74753e-05 583.095
1.32194e-05 570.606
1e-05 553.785
