10000.0 2300.19
8111.31 2294.98
6579.33 2290.45
5336.7 2286.79
4328.76 2283.9
3511.19 2281.66
2848.04 2279.95
2310.13 2278.65
1873.82 2277.68
1519.91 2276.96
1232.85 2276.43
1000.0 2276.04
811.131 2275.75
657.933 2275.55
533.67 2275.41
432.876 2275.3
351.119 2275.13
284.804 2274.66
231.013 2273.52
187.382 2271.14
151.991 2266.91
123.285 2260.42
100.0 2251.56
81.1131 2240.36
65.7933 2226.98
53.367 2211.61
43.2876 2194.49
35.1119 2175.88
28.4804 2155.99
23.1013 2134.96
18.7382 2112.93
15.1991 2090.1
12.3285 2065.78
10.0 2039.66
8.69749 2021.14
7.56463 2001.86
6.57933 1981.81
5.72237 1961.11
4.97702 1939.8
4.32876 1917.91
3.76494 1895.48
3.27455 1872.55
2.84804 1849.13
2.47708 1825.22
2.15443 1800.85
1.87382 1776.25
1.62975 1751.53
1.41747 1726.52
1.23285 1701.27
1.07227 1675.85
0.932603 1650.3
0.811131 1624.72
0.70548 1599.2
0.613591 1574.02
0.53367 1549.43
0.464159 1525.58
0.403702 1502.53
0.351119 1480.32
0.305386 1458.92
0.265609 1438.25
0.231013 1418.25
0.200923 1398.83
0.174753 1379.97
0.151991 1361.64
0.132194 1343.76
0.114976 1326.25
0.1 1309.11
0.0756463 1275.84
0.0572237 1243.41
0.0432876 1211.91
0.0327455 1181.66
0.0247708 1153.11
0.0187382 1126.44
0.0141747 1101.64
0.0107227 1078.56
0.00811131 1056.89
0.00613591 1036.27
0.00464159 1016.4
0.00351119 997.117
0.00265609 978.436
0.00200923 960.409
0.00151991 943.04
0.00114976 926.373
0.000869749 910.454
0.000657933 895.257
0.000497702 880.821
0.000376494 867.048
0.000284804 853.905
0.000215443 841.395
0.000162975 829.547
0.000123285 818.404
9.32603e-05 808.001
7.0548e-05 798.365
5.3367e-05 789.525
4.03702e-05 781.417
3.05386e-05 773.974
2.31013e-05 767.118
1.74753e-05 760.777
1.32194e-05 754.875
1e-05 749.345
