10000.0 3044.04
8111.31 2949.38
6579.33 2856.24
5336.7 2764.45
4328.76 2672.91
3511.19 2574.84
2848.04 2472.71
2310.13 2371.54
1873.82 2269.81
1519.91 2169.71
1232.85 2071.68
1000.0 2002.3
811.131 1948.96
657.933 1910.92
533.67 1888.09
432.876 1876.94
351.119 1871.83
284.804 1868.9
231.013 1866.92
187.382 1865.55
151.991 1864.59
123.285 1863.91
100.0 1863.43
81.1131 1863.08
65.7933 1862.83
53.367 1862.66
43.2876 1862.53
35.1119 1862.44
28.4804 1862.37
23.1013 1862.32
18.7382 1862.26
15.1991 1862.16
12.3285 1861.99
10.0 1861.69
8.69749 1861.39
7.56463 1861.01
6.57933 1860.55
5.72237 1860.0
4.97702 1859.35
4.32876 1858.61
3.76494 1857.74
3.27455 1856.69
2.84804 1855.27
2.47708 1853.37
2.15443 1851.59
1.87382 1849.82
1.62975 1846.83
1.41747 1842.99
1.23285 1838.37
1.07227 1832.87
0.932603 1826.4
0.811131 1818.85
0.70548 1810.08
0.613591 1799.95
0.53367 1788.36
0.464159 1775.28
0.403702 1760.74
0.351119 1744.85
0.305386 1727.76
0.265609 1709.62
0.231013 1690.6
0.200923 1670.84
0.174753 1650.45
0.151991 1629.55
0.132194 1608.25
0.114976 1586.67
0.1 1564.87
0.0756463 1521.93
0.0572237 1478.3
0.0432876 1434.56
0.0327455 1391.28
0.0247708 1349.3
0.0187382 1309.28
0.0141747 1271.49
0.0107227 1236.05
0.00811131 1202.96
0.00613591 1172.3
0.00464159 1143.96
0.00351119 1117.49
0.00265609 1092.62
0.00200923 1069.2
0.00151991 1047.2
0.00114976 1026.62
0.000869749 1007.45
0.000657933 989.33
0.000497702 972.091
0.000376494 955.663
0.000284804 939.888
0.000215443 924.715
0.000162975 910.193
0.000123285 896.442
9.32603e-05 883.593
7.0548e-05 871.642
5.3367e-05 860.598
4.03702e-05 850.422
3.05386e-05 841.045
2.31013e-05 832.391
1.74753e-05 824.388
1.32194e-05 816.959
1e-05 810.023
