10000.0 3008.91
8111.31 2925.73
6579.33 2844.96
5336.7 2766.47
4328.76 2689.45
3511.19 2609.17
2848.04 2526.77
2310.13 2446.03
1873.82 2365.28
1519.91 2283.62
1232.85 2200.9
1000.0 2117.8
811.131 2038.6
657.933 1985.3
533.67 1941.25
432.876 1907.04
351.119 1883.67
284.804 1871.5
231.013 1864.65
187.382 1859.91
151.991 1856.42
123.285 1853.77
100.0 1851.75
81.1131 1850.19
65.7933 1848.98
53.367 1848.02
43.2876 1847.28
35.1119 1846.69
28.4804 1846.21
23.1013 1845.78
18.7382 1845.32
15.1991 1844.66
12.3285 1843.57
10.0 1841.73
8.69749 1839.86
7.56463 1837.42
6.57933 1834.29
5.72237 1830.41
4.97702 1825.67
4.32876 1820.0
3.76494 1813.33
3.27455 1805.53
2.84804 1796.55
2.47708 1786.73
2.15443 1776.57
1.87382 1766.4
1.62975 1756.38
1.41747 1746.2
1.23285 1735.75
1.07227 1724.98
0.932603 1713.74
0.811131 1701.82
0.70548 1689.01
0.613591 1675.09
0.53367 1659.85
0.464159 1643.1
0.403702 1624.71
0.351119 1604.62
0.305386 1582.92
0.265609 1559.75
0.231013 1535.27
0.200923 1509.66
0.174753 1483.14
0.151991 1455.91
0.132194 1428.22
0.114976 1400.31
0.1 1372.63
0.0756463 1319.4
0.0572237 1268.97
0.0432876 1221.66
0.0327455 1177.58
0.0247708 1136.63
0.0187382 1098.1
0.0141747 1061.25
0.0107227 1025.67
0.00811131 991.287
0.00613591 958.409
0.00464159 927.446
0.00351119 898.578
0.00265609 871.984
0.00200923 847.607
0.00151991 825.131
0.00114976 804.267
0.000869749 784.879
0.000657933 766.675
0.000497702 749.417
0.000376494 732.945
0.000284804 717.16
0.000215443 702.005
0.000162975 687.586
0.000123285 673.829
9.32603e-05 660.631
7.0548e-05 647.879
5.3367e-05 635.462
4.03702e-05 623.281
3.05386e-05 611.232
2.31013e-05 599.169
1.74753e-05 586.853
1.32194e-05 573.345
1e-05 550.27
