10000.0 3163.01
8111.31 2978.74
6579.33 2805.89
5336.7 2726.55
4328.76 2648.78
3511.19 2569.77
2848.04 2493.67
2310.13 2424.52
1873.82 2361.06
1519.91 2305.12
1232.85 2257.37
1000.0 2219.33
811.131 2192.04
657.933 2175.4
533.67 2165.5
432.876 2160.22
351.119 2157.64
284.804 2156.32
231.013 2155.48
187.382 2154.91
151.991 2154.51
123.285 2154.23
100.0 2154.02
81.1131 2153.87
65.7933 2153.76
53.367 2153.68
43.2876 2153.63
35.1119 2153.58
28.4804 2153.55
23.1013 2153.51
18.7382 2153.45
15.1991 2153.31
12.3285 2153.04
10.0 2152.55
8.69749 2152.04
7.56463 2151.39
6.57933 2150.57
5.72237 2149.57
4.97702 2148.38
4.32876 2146.98
3.76494 2145.36
3.27455 2143.45
2.84804 2141.03
2.47708 2137.96
2.15443 2135.19
1.87382 2132.95
1.62975 2130.48
1.41747 2127.48
1.23285 2123.86
1.07227 2119.54
0.932603 2114.4
0.811131 2108.37
0.70548 2101.3
0.613591 2092.98
0.53367 2083.19
0.464159 2071.73
0.403702 2058.49
0.351119 2043.44
0.305386 2026.6
0.265609 2008.11
0.231013 1988.14
0.200923 1966.96
0.174753 1944.77
0.151991 1921.76
0.132194 1898.1
0.114976 1873.93
0.1 1849.25
0.0756463 1800.62
0.0572237 1751.36
0.0432876 1702.46
0.0327455 1654.19
0.0247708 1606.96
0.0187382 1561.38
0.0141747 1517.91
0.0107227 1476.65
0.00811131 1437.64
0.00613591 1400.88
0.00464159 1366.59
0.00351119 1334.71
0.00265609 1304.88
0.00200923 1276.83
0.00151991 1250.4
0.00114976 1225.56
0.000869749 1202.3
0.000657933 1180.83
0.000497702 1160.93
0.000376494 1142.28
0.000284804 1124.62
0.000215443 1107.8
0.000162975 1091.8
0.000123285 1076.67
9.32603e-05 1062.47
7.0548e-05 1049.25
5.3367e-05 1037.0
4.03702e-05 1025.67
3.05386e-05 1015.19
2.31013e-05 1005.48
1.74753e-05 996.387
1.32194e-05 987.795
1e-05 979.803
