10000.0 3056.0
8111.31 2982.68
6579.33 2913.84
5336.7 2849.63
4328.76 2790.28
3511.19 2736.02
2848.04 2687.05
2310.13 2642.74
1873.82 2603.17
1519.91 2569.0
1232.85 2540.41
1000.0 2516.67
811.131 2497.4
657.933 2482.45
533.67 2471.09
432.876 2463.28
351.119 2458.37
284.804 2455.36
231.013 2453.53
187.382 2452.31
151.991 2451.36
123.285 2450.61
100.0 2450.01
81.1131 2449.54
65.7933 2449.16
53.367 2448.85
43.2876 2448.61
35.1119 2448.41
28.4804 2448.24
23.1013 2448.09
18.7382 2447.89
15.1991 2447.51
12.3285 2446.71
10.0 2445.09
8.69749 2443.22
7.56463 2440.61
6.57933 2437.09
5.72237 2432.48
4.97702 2426.6
4.32876 2419.29
3.76494 2410.35
3.27455 2399.55
2.84804 2386.89
2.47708 2373.04
2.15443 2358.63
1.87382 2344.44
1.62975 2330.59
1.41747 2316.74
1.23285 2302.95
1.07227 2289.32
0.932603 2275.86
0.811131 2262.43
0.70548 2248.97
0.613591 2235.41
0.53367 2221.63
0.464159 2207.46
0.403702 2192.7
0.351119 2177.17
0.305386 2160.7
0.265609 2143.13
0.231013 2124.35
0.200923 2104.27
0.174753 2082.85
0.151991 2060.08
0.132194 2036.0
0.114976 2010.63
0.1 1984.09
0.0756463 1929.65
0.0572237 1872.25
0.0432876 1813.09
0.0327455 1753.57
0.0247708 1695.3
0.0187382 1639.3
0.0141747 1586.23
0.0107227 1536.59
0.00811131 1490.28
0.00613591 1446.67
0.00464159 1405.19
0.00351119 1365.67
0.00265609 1328.0
0.00200923 1291.86
0.00151991 1257.09
0.00114976 1223.61
0.000869749 1191.54
0.000657933 1161.12
0.000497702 1132.39
0.000376494 1105.11
0.000284804 1078.96
0.000215443 1053.57
0.000162975 1028.69
0.000123285 1004.13
9.32603e-05 980.033
7.0548e-05 956.449
5.3367e-05 933.295
4.03702e-05 910.361
3.05386e-05 887.348
2.31013e-05 863.544
1.74753e-05 837.557
1.32194e-05 806.383
1e-05 759.13
