10000.0 3021.75
8111.31 2921.18
6579.33 2820.2
5336.7 2717.91
4328.76 2607.63
3511.19 2480.12
2848.04 2341.39
2310.13 2201.99
1873.82 2071.63
1519.91 1949.62
1232.85 1835.36
1000.0 1728.31
811.131 1627.89
657.933 1537.32
533.67 1488.99
432.876 1465.51
351.119 1450.01
284.804 1438.95
231.013 1431.12
187.382 1425.58
151.991 1421.61
123.285 1418.77
100.0 1416.73
81.1131 1415.26
65.7933 1414.19
53.367 1413.42
43.2876 1412.86
35.1119 1412.45
28.4804 1412.15
23.1013 1411.91
18.7382 1411.67
15.1991 1411.38
12.3285 1410.95
10.0 1410.26
8.69749 1409.58
7.56463 1408.71
6.57933 1407.64
5.72237 1406.38
4.97702 1404.97
4.32876 1403.45
3.76494 1401.32
3.27455 1398.26
2.84804 1394.17
2.47708 1389.1
2.15443 1383.02
1.87382 1375.91
1.62975 1367.82
1.41747 1358.82
1.23285 1348.99
1.07227 1338.42
0.932603 1327.25
0.811131 1315.61
0.70548 1303.58
0.613591 1291.25
0.53367 1278.67
0.464159 1265.89
0.403702 1252.95
0.351119 1239.82
0.305386 1226.5
0.265609 1212.94
0.231013 1199.11
0.200923 1185.03
0.174753 1170.7
0.151991 1156.12
0.132194 1141.28
0.114976 1126.2
0.1 1110.84
0.0756463 1080.31
0.0572237 1049.47
0.0432876 1019.02
0.0327455 989.525
0.0247708 961.496
0.0187382 935.09
0.0141747 910.195
0.0107227 886.723
0.00811131 864.597
0.00613591 843.7
0.00464159 823.944
0.00351119 805.269
0.00265609 787.683
0.00200923 771.123
0.00151991 755.396
0.00114976 740.344
0.000869749 725.884
0.000657933 711.945
0.000497702 698.542
0.000376494 685.749
0.000284804 673.536
0.000215443 661.923
0.000162975 650.934
0.000123285 640.592
9.32603e-05 630.918
7.0548e-05 621.922
5.3367e-05 613.594
4.03702e-05 605.907
3.05386e-05 598.836
2.31013e-05 592.399
1.74753e-05 586.526
1.32194e-05 581.129
1e-05 576.084
