10000.0 3207.98
8111.31 3145.02
6579.33 3088.79
5336.7 3039.32
4328.76 2996.54
3511.19 2960.2
2848.04 2929.89
2310.13 2905.06
1873.82 2885.07
1519.91 2869.24
1232.85 2856.94
1000.0 2847.55
811.131 2840.62
657.933 2835.76
533.67 2832.45
432.876 2830.54
351.119 2829.53
284.804 2828.94
231.013 2828.58
187.382 2828.34
151.991 2828.16
123.285 2828.03
100.0 2827.94
81.1131 2827.87
65.7933 2827.82
53.367 2827.78
43.2876 2827.75
35.1119 2827.72
28.4804 2827.7
23.1013 2827.69
18.7382 2827.67
15.1991 2827.63
12.3285 2827.5
10.0 2827.2
8.69749 2826.78
7.56463 2826.13
6.57933 2825.17
5.72237 2823.79
4.97702 2821.93
4.32876 2819.49
3.76494 2816.39
3.27455 2812.51
2.84804 2807.72
2.47708 2802.1
2.15443 2796.35
1.87382 2791.25
1.62975 2787.62
1.41747 2784.55
1.23285 2781.7
1.07227 2778.85
0.932603 2775.73
0.811131 2772.12
0.70548 2767.88
0.613591 2762.89
0.53367 2756.96
0.464159 2749.91
0.403702 2741.52
0.351119 2731.59
0.305386 2719.93
0.265609 2706.35
0.231013 2690.7
0.200923 2672.87
0.174753 2652.82
0.151991 2630.6
0.132194 2606.34
0.114976 2580.2
0.1 2552.15
0.0756463 2495.17
0.0572237 2435.04
0.0432876 2374.75
0.0327455 2315.61
0.0247708 2258.48
0.0187382 2203.81
0.0141747 2151.64
0.0107227 2101.77
0.00811131 2053.87
0.00613591 2007.71
0.00464159 1963.45
0.00351119 1921.3
0.00265609 1881.33
0.00200923 1843.56
0.00151991 1808.02
0.00114976 1774.82
0.000869749 1743.92
0.000657933 1715.34
0.000497702 1688.83
0.000376494 1664.11
0.000284804 1640.93
0.000215443 1619.1
0.000162975 1598.6
0.000123285 1579.63
9.32603e-05 1562.04
7.0548e-05 1545.83
5.3367e-05 1530.96
4.03702e-05 1517.38
3.05386e-05 1504.99
2.31013e-05 1493.71
1.74753e-05 1483.44
1.32194e-05 1474.11
1e-05 1465.69
