10000.0 3081.03
8111.31 2995.16
6579.33 2913.07
5336.7 2835.08
4328.76 2761.75
3511.19 2693.85
2848.04 2629.97
2310.13 2572.43
1873.82 2518.7
1519.91 2472.87
1232.85 2434.67
1000.0 2404.79
811.131 2384.24
657.933 2371.24
533.67 2362.87
432.876 2358.11
351.119 2355.72
284.804 2354.5
231.013 2353.78
187.382 2353.31
151.991 2352.97
123.285 2352.73
100.0 2352.55
81.1131 2352.43
65.7933 2352.34
53.367 2352.27
43.2876 2352.22
35.1119 2352.18
28.4804 2352.15
23.1013 2352.12
18.7382 2352.09
15.1991 2352.04
12.3285 2351.9
10.0 2351.6
8.69749 2351.23
7.56463 2350.7
6.57933 2349.98
5.72237 2349.04
4.97702 2347.85
4.32876 2346.39
3.76494 2344.62
3.27455 2342.48
2.84804 2339.79
2.47708 2336.47
2.15443 2333.33
1.87382 2330.82
1.62975 2328.75
1.41747 2326.61
1.23285 2324.23
1.07227 2321.48
0.932603 2318.17
0.811131 2314.14
0.70548 2309.21
0.613591 2303.16
0.53367 2295.73
0.464159 2286.65
0.403702 2275.72
0.351119 2262.79
0.305386 2247.82
0.265609 2230.83
0.231013 2211.9
0.200923 2191.2
0.174753 2168.92
0.151991 2145.29
0.132194 2120.53
0.114976 2094.85
0.1 2068.28
0.0756463 2015.62
0.0572237 1961.9
0.0432876 1908.7
0.0327455 1856.54
0.0247708 1805.72
0.0187382 1756.67
0.0141747 1709.66
0.0107227 1664.72
0.00811131 1621.86
0.00613591 1581.26
0.00464159 1543.1
0.00351119 1507.33
0.00265609 1473.74
0.00200923 1442.15
0.00151991 1412.43
0.00114976 1384.64
0.000869749 1358.85
0.000657933 1334.96
0.000497702 1312.76
0.000376494 1291.99
0.000284804 1272.39
0.000215443 1253.78
0.000162975 1236.13
0.000123285 1219.48
9.32603e-05 1203.88
7.0548e-05 1189.5
5.3367e-05 1176.27
4.03702e-05 1164.08
3.05386e-05 1152.87
2.31013e-05 1142.54
1.74753e-05 1133.03
1.32194e-05 1124.26
1e-05 1116.16
