10000.0 3468.56
8111.31 3432.16
6579.33 3401.73
5336.7 3376.61
4328.76 3356.13
3511.19 3339.6
2848.04 3326.41
2310.13 3315.96
1873.82 3307.77
1519.91 3301.39
1232.85 3296.46
1000.0 3292.7
811.131 3289.88
657.933 3287.83
533.67 3286.34
432.876 3285.31
351.119 3284.69
284.804 3284.35
231.013 3284.14
187.382 3283.99
151.991 3283.87
123.285 3283.79
100.0 3283.73
81.1131 3283.68
65.7933 3283.65
53.367 3283.62
43.2876 3283.6
35.1119 3283.59
28.4804 3283.57
23.1013 3283.56
18.7382 3283.55
15.1991 3283.52
12.3285 3283.44
10.0 3283.19
8.69749 3282.82
7.56463 3282.22
6.57933 3281.25
5.72237 3279.81
4.97702 3277.75
4.32876 3274.92
3.76494 3271.16
3.27455 3266.28
2.84804 3260.1
2.47708 3252.86
2.15443 3245.28
1.87382 3238.29
1.62975 3233.12
1.41747 3228.94
1.23285 3225.34
1.07227 3222.04
0.932603 3218.69
0.811131 3214.96
0.70548 3210.74
0.613591 3205.96
0.53367 3200.54
0.464159 3194.38
0.403702 3187.36
0.351119 3179.35
0.305386 3170.2
0.265609 3159.75
0.231013 3147.78
0.200923 3134.03
0.174753 3118.26
0.151991 3100.27
0.132194 3079.89
0.114976 3057.05
0.1 3031.38
0.0756463 2977.62
0.0572237 2917.24
0.0432876 2854.08
0.0327455 2790.43
0.0247708 2728.14
0.0187382 2668.4
0.0141747 2611.65
0.0107227 2557.78
0.00811131 2506.38
0.00613591 2457.2
0.00464159 2410.1
0.00351119 2364.96
0.00265609 2321.83
0.00200923 2280.87
0.00151991 2242.24
0.00114976 2206.08
0.000869749 2172.3
0.000657933 2141.17
0.000497702 2112.35
0.000376494 2085.5
0.000284804 2060.33
0.000215443 2036.69
0.000162975 2014.57
0.000123285 1994.05
9.32603e-05 1975.24
7.0548e-05 1958.04
5.3367e-05 1942.41
4.03702e-05 1928.3
3.05386e-05 1915.61
2.31013e-05 1904.24
1.74753e-05 1894.08
1.32194e-05 1885.06
1e-05 1877.14
