10000.0 3079.35
8111.31 2979.99
6579.33 2881.36
5336.7 2782.93
4328.76 2683.99
3511.19 2574.16
2848.04 2455.23
2310.13 2330.17
1873.82 2193.94
1519.91 2066.35
1232.85 1946.53
1000.0 1838.37
811.131 1740.26
657.933 1667.47
533.67 1624.89
432.876 1605.9
351.119 1595.3
284.804 1588.08
231.013 1583.03
187.382 1579.51
151.991 1577.0
123.285 1575.21
100.0 1573.92
81.1131 1572.99
65.7933 1572.32
53.367 1571.83
43.2876 1571.48
35.1119 1571.23
28.4804 1571.04
23.1013 1570.91
18.7382 1570.8
15.1991 1570.68
12.3285 1570.53
10.0 1570.28
8.69749 1570.01
7.56463 1569.65
6.57933 1569.17
5.72237 1568.57
4.97702 1567.84
4.32876 1566.98
3.76494 1565.99
3.27455 1564.83
2.84804 1563.46
2.47708 1561.7
2.15443 1559.01
1.87382 1554.35
1.62975 1548.73
1.41747 1542.32
1.23285 1535.04
1.07227 1526.88
0.932603 1517.86
0.811131 1508.05
0.70548 1497.47
0.613591 1486.14
0.53367 1474.11
0.464159 1461.43
0.403702 1448.17
0.351119 1434.38
0.305386 1420.11
0.265609 1405.41
0.231013 1390.33
0.200923 1374.95
0.174753 1359.27
0.151991 1343.27
0.132194 1326.96
0.114976 1310.35
0.1 1293.39
0.0756463 1259.45
0.0572237 1224.41
0.0432876 1189.09
0.0327455 1154.45
0.0247708 1121.3
0.0187382 1090.05
0.0141747 1060.94
0.0107227 1033.95
0.00811131 1008.87
0.00613591 985.417
0.00464159 963.368
0.00351119 942.491
0.00265609 922.655
0.00200923 903.829
0.00151991 886.063
0.00114976 869.344
0.000869749 853.562
0.000657933 838.624
0.000497702 824.4
0.000376494 810.749
0.000284804 797.602
0.000215443 785.051
0.000162975 773.051
0.000123285 761.664
9.32603e-05 750.952
7.0548e-05 740.953
5.3367e-05 731.677
4.03702e-05 723.105
3.05386e-05 715.189
2.31013e-05 707.856
1.74753e-05 701.026
1.32194e-05 694.666
1e-05 688.665
