10000.0 3427.04
8111.31 3314.59
6579.33 3204.45
5336.7 3095.96
4328.76 2988.53
3511.19 2881.59
2848.04 2774.68
2310.13 2667.73
1873.82 2555.74
1519.91 2433.56
1232.85 2305.94
1000.0 2176.23
811.131 2056.01
657.933 1976.49
533.67 1920.92
432.876 1891.18
351.119 1877.53
284.804 1869.75
231.013 1864.49
187.382 1860.82
151.991 1858.24
123.285 1856.39
100.0 1855.08
81.1131 1854.14
65.7933 1853.47
53.367 1852.99
43.2876 1852.64
35.1119 1852.39
28.4804 1852.21
23.1013 1852.08
18.7382 1851.99
15.1991 1851.92
12.3285 1851.86
10.0 1851.82
8.69749 1851.8
7.56463 1851.76
6.57933 1851.72
5.72237 1851.65
4.97702 1851.55
4.32876 1851.39
3.76494 1851.14
3.27455 1850.73
2.84804 1850.02
2.47708 1848.86
2.15443 1847.29
1.87382 1845.73
1.62975 1843.89
1.41747 1841.53
1.23285 1838.58
1.07227 1835.0
0.932603 1830.69
0.811131 1825.57
0.70548 1819.59
0.613591 1812.73
0.53367 1804.97
0.464159 1796.22
0.403702 1786.39
0.351119 1775.33
0.305386 1762.92
0.265609 1749.1
0.231013 1733.89
0.200923 1717.36
0.174753 1699.64
0.151991 1680.87
0.132194 1661.2
0.114976 1640.76
0.1 1619.63
0.0756463 1577.24
0.0572237 1533.57
0.0432876 1489.36
0.0327455 1444.79
0.0247708 1400.13
0.0187382 1356.09
0.0141747 1313.4
0.0107227 1272.36
0.00811131 1233.27
0.00613591 1196.44
0.00464159 1162.35
0.00351119 1131.12
0.00265609 1102.37
0.00200923 1075.66
0.00151991 1050.64
0.00114976 1027.05
0.000869749 1004.74
0.000657933 983.433
0.000497702 963.279
0.000376494 944.296
0.000284804 926.368
0.000215443 909.32
0.000162975 893.014
0.000123285 877.315
9.32603e-05 862.092
7.0548e-05 847.338
5.3367e-05 833.087
4.03702e-05 819.362
3.05386e-05 806.139
2.31013e-05 793.407
1.74753e-05 780.921
1.32194e-05 768.121
1e-05 754.006
