10000.0 2795.53
8111.31 2709.03
6579.33 2618.7
5336.7 2522.19
4328.76 2425.34
3511.19 2325.67
2848.04 2222.95
2310.13 2110.92
1873.82 1998.02
1519.91 1922.97
1232.85 1857.73
1000.0 1802.2
811.131 1759.77
657.933 1731.85
533.67 1716.46
432.876 1709.55
351.119 1706.13
284.804 1703.96
231.013 1702.48
187.382 1701.45
151.991 1700.73
123.285 1700.21
100.0 1699.85
81.1131 1699.58
65.7933 1699.39
53.367 1699.25
43.2876 1699.15
35.1119 1699.05
28.4804 1698.94
23.1013 1698.79
18.7382 1698.56
15.1991 1698.22
12.3285 1697.7
10.0 1696.96
8.69749 1696.32
7.56463 1695.58
6.57933 1694.75
5.72237 1693.83
4.97702 1692.84
4.32876 1691.76
3.76494 1690.59
3.27455 1689.32
2.84804 1687.93
2.47708 1686.44
2.15443 1684.34
1.87382 1679.82
1.62975 1672.68
1.41747 1664.77
1.23285 1656.06
1.07227 1646.42
0.932603 1635.87
0.811131 1624.52
0.70548 1612.38
0.613591 1599.47
0.53367 1585.89
0.464159 1571.74
0.403702 1557.09
0.351119 1541.99
0.305386 1526.51
0.265609 1510.68
0.231013 1494.55
0.200923 1478.15
0.174753 1461.53
0.151991 1444.7
0.132194 1427.72
0.114976 1410.62
0.1 1393.43
0.0756463 1359.87
0.0572237 1326.53
0.0432876 1294.03
0.0327455 1262.79
0.0247708 1233.1
0.0187382 1205.1
0.0141747 1178.93
0.0107227 1154.5
0.00811131 1131.44
0.00613591 1109.48
0.00464159 1088.47
0.00351119 1068.39
0.00265609 1049.29
0.00200923 1031.23
0.00151991 1014.23
0.00114976 998.223
0.000869749 982.985
0.000657933 968.484
0.000497702 954.631
0.000376494 941.405
0.000284804 928.862
0.000215443 917.089
0.000162975 906.161
0.000123285 896.152
9.32603e-05 887.08
7.0548e-05 878.877
5.3367e-05 871.496
4.03702e-05 864.89
3.05386e-05 859.016
2.31013e-05 853.835
1.74753e-05 849.305
1.32194e-05 845.382
1e-05 842.028
