10000.0 3540.4
8111.31 3455.63
6579.33 3378.37
5336.7 3308.72
4328.76 3246.79
3511.19 3192.57
2848.04 3145.9
2310.13 3106.47
1873.82 3073.76
1519.91 3047.16
1232.85 3025.97
1000.0 3009.41
811.131 2996.93
657.933 2987.88
533.67 2981.32
432.876 2976.97
351.119 2974.53
284.804 2973.27
231.013 2972.51
187.382 2971.98
151.991 2971.59
123.285 2971.31
100.0 2971.1
81.1131 2970.95
65.7933 2970.83
53.367 2970.74
43.2876 2970.67
35.1119 2970.62
28.4804 2970.58
23.1013 2970.55
18.7382 2970.53
15.1991 2970.51
12.3285 2970.49
10.0 2970.48
8.69749 2970.47
7.56463 2970.45
6.57933 2970.41
5.72237 2970.31
4.97702 2970.09
4.32876 2969.62
3.76494 2968.73
3.27455 2967.09
2.84804 2964.31
2.47708 2960.13
2.15443 2954.61
1.87382 2948.09
1.62975 2941.29
1.41747 2934.48
1.23285 2927.68
1.07227 2921.07
0.932603 2914.62
0.811131 2908.1
0.70548 2901.33
0.613591 2894.22
0.53367 2886.74
0.464159 2878.92
0.403702 2870.74
0.351119 2862.13
0.305386 2852.96
0.265609 2843.1
0.231013 2832.37
0.200923 2820.6
0.174753 2807.61
0.151991 2793.2
0.132194 2777.1
0.114976 2759.05
0.1 2738.57
0.0756463 2693.95
0.0572237 2639.73
0.0432876 2578.25
0.0327455 2512.0
0.0247708 2444.12
0.0187382 2377.26
0.0141747 2312.84
0.0107227 2251.6
0.00811131 2193.76
0.00613591 2139.1
0.00464159 2087.16
0.00351119 2037.49
0.00265609 1989.81
0.00200923 1944.25
0.00151991 1900.9
0.00114976 1859.75
0.000869749 1820.76
0.000657933 1784.12
0.000497702 1749.87
0.000376494 1717.87
0.000284804 1687.97
0.000215443 1659.97
0.000162975 1633.65
0.000123285 1608.79
9.32603e-05 1585.43
7.0548e-05 1563.41
5.3367e-05 1542.53
4.03702e-05 1522.74
3.05386e-05 1503.93
2.31013e-05 1485.9
1.74753e-05 1468.32
1.32194e-05 1450.65
1e-05 1431.93
