10000.0 3270.95
8111.31 3175.33
6579.33 3083.6
5336.7 2995.87
4328.76 2912.48
3511.19 2833.92
2848.04 2760.94
2310.13 2694.46
1873.82 2635.37
1519.91 2582.99
1232.85 2540.15
1000.0 2505.57
811.131 2479.98
657.933 2462.79
533.67 2451.4
432.876 2444.75
351.119 2441.31
284.804 2439.46
231.013 2438.37
187.382 2437.66
151.991 2437.17
123.285 2436.81
100.0 2436.56
81.1131 2436.37
65.7933 2436.23
53.367 2436.13
43.2876 2436.05
35.1119 2436.0
28.4804 2435.95
23.1013 2435.92
18.7382 2435.89
15.1991 2435.87
12.3285 2435.85
10.0 2435.82
8.69749 2435.76
7.56463 2435.66
6.57933 2435.49
5.72237 2435.19
4.97702 2434.71
4.32876 2434.0
3.76494 2432.98
3.27455 2431.53
2.84804 2429.51
2.47708 2426.88
2.15443 2423.91
1.87382 2421.02
1.62975 2418.53
1.41747 2416.19
1.23285 2413.86
1.07227 2411.44
0.932603 2408.79
0.811131 2405.74
0.70548 2402.19
0.613591 2398.05
0.53367 2393.18
0.464159 2387.41
0.403702 2380.53
0.351119 2372.33
0.305386 2362.6
0.265609 2351.17
0.231013 2337.94
0.200923 2322.81
0.174753 2305.78
0.151991 2286.89
0.132194 2266.25
0.114976 2244.0
0.1 2220.16
0.0756463 2171.22
0.0572237 2118.88
0.0432876 2065.3
0.0327455 2011.7
0.0247708 1959.18
0.0187382 1908.47
0.0141747 1859.73
0.0107227 1812.94
0.00811131 1768.11
0.00613591 1725.27
0.00464159 1684.33
0.00351119 1645.26
0.00265609 1608.08
0.00200923 1572.96
0.00151991 1539.94
0.00114976 1508.86
0.000869749 1479.55
0.000657933 1451.92
0.000497702 1425.92
0.000376494 1401.51
0.000284804 1378.83
0.000215443 1357.57
0.000162975 1337.47
0.000123285 1318.42
9.32603e-05 1300.35
7.0548e-05 1283.27
5.3367e-05 1267.21
4.03702e-05 1252.13
3.05386e-05 1237.94
2.31013e-05 1224.49
1.74753e-05 1211.59
1.32194e-05 1199.0
1e-05 1186.49
