10000.0 13023.9
8111.31 12265.9
6579.33 11552.7
5336.7 10881.4
4328.76 10249.6
3511.19 9654.93
2848.04 9095.03
2310.13 8567.87
1873.82 8071.46
1519.91 7603.97
1232.85 7163.68
1000.0 6748.97
811.131 6358.33
657.933 5990.32
533.67 5643.64
432.876 5317.03
351.119 5017.53
284.804 4795.18
231.013 4606.83
187.382 4438.05
151.991 4281.54
123.285 4135.78
100.0 3999.78
81.1131 3872.63
65.7933 3753.52
53.367 3641.7
43.2876 3536.51
35.1119 3437.33
28.4804 3343.61
23.1013 3254.84
18.7382 3170.59
15.1991 3090.39
12.3285 3013.77
10.0 2940.48
8.69749 2893.27
7.56463 2847.27
6.57933 2802.32
5.72237 2758.23
4.97702 2714.84
4.32876 2671.99
3.76494 2629.52
3.27455 2587.31
2.84804 2545.24
2.47708 2503.23
2.15443 2461.36
1.87382 2419.79
1.62975 2378.49
1.41747 2337.43
1.23285 2296.52
1.07227 2255.69
0.932603 2214.78
0.811131 2173.62
0.70548 2132.01
0.613591 2089.78
0.53367 2046.74
0.464159 2002.7
0.403702 1957.73
0.351119 1911.99
0.305386 1865.4
0.265609 1817.88
0.231013 1769.56
0.200923 1720.76
0.174753 1671.69
0.151991 1622.46
0.132194 1573.43
0.114976 1525.2
0.1 1478.3
0.0756463 1389.12
0.0572237 1308.02
0.0432876 1235.89
0.0327455 1171.57
0.0247708 1114.12
0.0187382 1062.05
0.0141747 1013.98
0.0107227 969.689
0.00811131 929.532
0.00613591 893.473
0.00464159 861.434
0.00351119 833.046
0.00265609 807.647
0.00200923 784.845
0.00151991 764.324
0.00114976 745.595
0.000869749 728.252
0.000657933 711.816
0.000497702 696.224
0.000376494 681.496
0.000284804 667.523
0.000215443 654.197
0.000162975 641.381
0.000123285 628.886
9.32603e-05 616.414
7.0548e-05 603.475
5.3367e-05 589.498
4.03702e-05 573.746
3.05386e-05 556.082
2.31013e-05 536.707
1.74753e-05 515.519
1.32194e-05 487.966
1e-05 435.385
