10000.0 11995.2
8111.31 11265.5
6579.33 10578.9
5336.7 9933.35
4328.76 9328.2
3511.19 8761.16
2848.04 8229.1
2310.13 7729.47
1873.82 7260.74
1519.91 6818.87
1232.85 6466.56
1000.0 6066.4
811.131 5697.32
657.933 5351.17
533.67 5025.95
432.876 4719.58
351.119 4430.99
284.804 4162.28
231.013 3917.27
187.382 3695.8
151.991 3500.69
123.285 3317.52
100.0 3145.47
81.1131 2984.77
65.7933 2836.17
53.367 2700.38
43.2876 2577.57
35.1119 2466.85
28.4804 2366.11
23.1013 2272.58
18.7382 2184.0
15.1991 2099.55
12.3285 2019.68
10.0 1945.96
8.69749 1901.06
7.56463 1859.33
6.57933 1820.51
5.72237 1784.2
4.97702 1749.95
4.32876 1717.36
3.76494 1686.1
3.27455 1655.94
2.84804 1626.71
2.47708 1598.26
2.15443 1570.48
1.87382 1543.31
1.62975 1516.62
1.41747 1490.34
1.23285 1464.45
1.07227 1438.98
0.932603 1413.95
0.811131 1389.41
0.70548 1365.47
0.613591 1342.18
0.53367 1319.52
0.464159 1297.45
0.403702 1275.92
0.351119 1254.86
0.305386 1234.22
0.265609 1213.93
0.231013 1193.97
0.200923 1174.41
0.174753 1155.28
0.151991 1136.57
0.132194 1118.28
0.114976 1100.36
0.1 1082.68
0.0756463 1047.81
0.0572237 1014.19
0.0432876 981.601
0.0327455 950.113
0.0247708 919.563
0.0187382 889.575
0.0141747 859.769
0.0107227 829.883
0.00811131 800.15
0.00613591 771.393
0.00464159 743.797
0.00351119 717.148
0.00265609 692.157
0.00200923 669.18
0.00151991 647.641
0.00114976 627.107
0.000869749 607.431
0.000657933 588.687
0.000497702 570.98
0.000376494 554.267
0.000284804 538.5
0.000215443 523.642
0.000162975 509.666
0.000123285 496.59
9.32603e-05 484.466
7.0548e-05 473.242
5.3367e-05 462.864
4.03702e-05 453.269
3.05386e-05 444.37
2.31013e-05 436.047
1.74753e-05 428.135
1.32194e-05 420.389
1e-05 412.366
