10000.0 8640.03
8111.31 8139.63
6579.33 7668.31
5336.7 7224.34
4328.76 6806.14
3511.19 6412.19
2848.04 6041.07
2310.13 5691.45
1873.82 5362.08
1519.91 5051.78
1232.85 4759.45
1000.0 4484.04
811.131 4224.57
657.933 3982.21
533.67 3754.21
432.876 3552.24
351.119 3378.85
284.804 3225.43
231.013 3098.47
187.382 2985.01
151.991 2878.53
123.285 2778.38
100.0 2683.93
81.1131 2594.49
65.7933 2509.39
53.367 2428.23
43.2876 2350.9
35.1119 2277.24
28.4804 2206.98
23.1013 2139.75
18.7382 2074.88
15.1991 2011.42
12.3285 1948.76
10.0 1887.03
8.69749 1846.38
7.56463 1806.25
6.57933 1766.79
5.72237 1728.15
4.97702 1690.38
4.32876 1653.48
3.76494 1617.41
3.27455 1582.22
2.84804 1548.01
2.47708 1514.86
2.15443 1482.74
1.87382 1451.62
1.62975 1421.42
1.41747 1392.1
1.23285 1363.72
1.07227 1336.29
0.932603 1309.75
0.811131 1283.98
0.70548 1258.89
0.613591 1234.39
0.53367 1210.38
0.464159 1186.77
0.403702 1163.52
0.351119 1140.46
0.305386 1117.33
0.265609 1093.81
0.231013 1069.54
0.200923 1044.15
0.174753 1017.3
0.151991 989.004
0.132194 959.787
0.114976 930.392
0.1 901.678
0.0756463 847.897
0.0572237 799.561
0.0432876 756.963
0.0327455 719.432
0.0247708 685.75
0.0187382 655.448
0.0141747 627.972
0.0107227 602.707
0.00811131 579.583
0.00613591 558.395
0.00464159 538.852
0.00351119 520.682
0.00265609 503.64
0.00200923 487.823
0.00151991 473.189
0.00114976 459.621
0.000869749 447.003
0.000657933 435.216
0.000497702 424.135
0.000376494 413.656
0.000284804 403.703
0.000215443 394.303
0.000162975 385.489
0.000123285 377.527
9.32603e-05 370.434
7.0548e-05 363.927
5.3367e-05 358.479
4.03702e-05 353.79
3.05386e-05 349.592
2.31013e-05 343.396
1.74753e-05 338.94
1.32194e-05 334.75
1e-05 332.589
