10000.0 11866.9
8111.31 11175.0
6579.33 10524.1
5336.7 9911.73
4328.76 9335.51
3511.19 8793.22
2848.04 8282.8
2310.13 7802.31
1873.82 7349.94
1519.91 6924.0
1232.85 6522.89
1000.0 6145.14
811.131 5789.35
657.933 5454.22
533.67 5138.53
432.876 4841.15
351.119 4561.0
284.804 4303.65
231.013 4088.22
187.382 3898.5
151.991 3726.29
123.285 3569.52
100.0 3426.17
81.1131 3294.34
65.7933 3172.35
53.367 3058.62
43.2876 2951.98
35.1119 2851.86
28.4804 2757.78
23.1013 2669.06
18.7382 2585.02
15.1991 2504.81
12.3285 2427.7
10.0 2352.97
8.69749 2303.82
7.56463 2255.05
6.57933 2206.57
5.72237 2158.31
4.97702 2110.22
4.32876 2062.26
3.76494 2014.35
3.27455 1966.62
2.84804 1919.27
2.47708 1872.31
2.15443 1825.69
1.87382 1779.49
1.62975 1733.94
1.41747 1689.24
1.23285 1645.48
1.07227 1602.79
0.932603 1561.47
0.811131 1521.84
0.70548 1483.97
0.613591 1447.92
0.53367 1413.69
0.464159 1381.32
0.403702 1350.83
0.351119 1322.09
0.305386 1294.87
0.265609 1268.92
0.231013 1244.03
0.200923 1220.03
0.174753 1196.78
0.151991 1174.29
0.132194 1152.6
0.114976 1131.63
0.1 1111.24
0.0756463 1071.92
0.0572237 1034.86
0.0432876 999.737
0.0327455 966.791
0.0247708 935.898
0.0187382 906.554
0.0141747 878.457
0.0107227 851.389
0.00811131 825.211
0.00613591 799.831
0.00464159 775.36
0.00351119 751.46
0.00265609 728.089
0.00200923 705.662
0.00151991 684.455
0.00114976 664.191
0.000869749 644.656
0.000657933 625.813
0.000497702 607.734
0.000376494 590.637
0.000284804 574.614
0.000215443 559.606
0.000162975 545.556
0.000123285 532.422
9.32603e-05 520.179
7.0548e-05 508.801
5.3367e-05 498.268
4.03702e-05 488.598
3.05386e-05 479.707
2.31013e-05 471.486
1.74753e-05 463.788
1.32194e-05 456.456
1e-05 449.376
