10000.0 12040.6
8111.31 11317.0
6579.33 10717.5
5336.7 10074.3
4328.76 9452.62
3511.19 8877.5
2848.04 8338.46
2310.13 7830.87
1873.82 7356.13
1519.91 6907.76
1232.85 6489.84
1000.0 6090.89
811.131 5720.83
657.933 5373.66
533.67 5046.95
432.876 4739.93
351.119 4452.84
284.804 4188.91
231.013 3945.25
187.382 3735.32
151.991 3544.19
123.285 3366.74
100.0 3201.59
81.1131 3047.97
65.7933 2905.76
53.367 2775.17
43.2876 2656.23
35.1119 2548.35
28.4804 2450.05
23.1013 2359.0
18.7382 2272.62
15.1991 2189.35
12.3285 2109.07
10.0 2032.58
8.69749 1984.3
7.56463 1938.61
6.57933 1895.66
5.72237 1855.22
4.97702 1816.91
4.32876 1780.34
3.76494 1745.17
3.27455 1711.14
2.84804 1678.06
2.47708 1645.78
2.15443 1614.25
1.87382 1583.42
1.62975 1553.31
1.41747 1523.94
1.23285 1495.26
1.07227 1467.29
0.932603 1440.04
0.811131 1413.48
0.70548 1387.66
0.613591 1362.66
0.53367 1338.52
0.464159 1315.18
0.403702 1292.58
0.351119 1270.62
0.305386 1249.23
0.265609 1228.32
0.231013 1207.81
0.200923 1187.7
0.174753 1168.07
0.151991 1148.9
0.132194 1130.19
0.114976 1111.87
0.1 1093.78
0.0756463 1058.25
0.0572237 1024.09
0.0432876 990.95
0.0327455 958.984
0.0247708 928.149
0.0187382 898.063
0.0141747 868.425
0.0107227 839.066
0.00811131 810.115
0.00613591 782.097
0.00464159 755.144
0.00351119 729.03
0.00265609 704.193
0.00200923 681.208
0.00151991 659.708
0.00114976 639.205
0.000869749 619.51
0.000657933 600.533
0.000497702 582.607
0.000376494 565.741
0.000284804 549.896
0.000215443 535.024
0.000162975 521.08
0.000123285 508.036
9.32603e-05 495.9
7.0548e-05 484.695
5.3367e-05 474.365
4.03702e-05 464.854
3.05386e-05 456.09
2.31013e-05 447.968
1.74753e-05 440.333
1.32194e-05 432.988
1e-05 425.726
