10000.0 12713.2
8111.31 11975.1
6579.33 11280.2
5336.7 10625.9
4328.76 10009.8
3511.19 9429.71
2848.04 8883.36
2310.13 8368.82
1873.82 7884.19
1519.91 7427.72
1232.85 6997.73
1000.0 6592.69
811.131 6211.11
657.933 5851.64
533.67 5512.98
432.876 5193.94
351.119 4893.38
284.804 4658.68
231.013 4461.76
187.382 4288.02
151.991 4128.42
123.285 3981.13
100.0 3844.7
81.1131 3717.8
65.7933 3599.32
53.367 3488.35
43.2876 3384.13
35.1119 3286.01
28.4804 3193.42
23.1013 3105.74
18.7382 3022.28
15.1991 2942.58
12.3285 2866.3
10.0 2792.85
8.69749 2745.02
7.56463 2698.0
6.57933 2651.66
5.72237 2605.88
4.97702 2560.55
4.32876 2515.58
3.76494 2470.99
3.27455 2426.91
2.84804 2383.32
2.47708 2340.09
2.15443 2297.09
1.87382 2254.17
1.62975 2211.15
1.41747 2167.89
1.23285 2124.23
1.07227 2080.04
0.932603 2035.15
0.811131 1989.41
0.70548 1942.95
0.613591 1895.94
0.53367 1848.32
0.464159 1800.1
0.403702 1751.55
0.351119 1703.04
0.305386 1654.69
0.265609 1606.64
0.231013 1559.35
0.200923 1513.45
0.174753 1469.15
0.151991 1426.59
0.132194 1385.97
0.114976 1347.63
0.1 1311.74
0.0756463 1245.99
0.0572237 1187.05
0.0432876 1133.81
0.0327455 1085.32
0.0247708 1040.42
0.0187382 998.615
0.0141747 960.274
0.0107227 925.768
0.00811131 894.717
0.00613591 866.749
0.00464159 841.408
0.00351119 818.14
0.00265609 796.541
0.00200923 776.433
0.00151991 757.618
0.00114976 739.826
0.000869749 722.951
0.000657933 706.709
0.000497702 691.124
0.000376494 676.079
0.000284804 661.344
0.000215443 646.641
0.000162975 631.644
0.000123285 616.101
9.32603e-05 600.039
7.0548e-05 584.047
5.3367e-05 568.342
4.03702e-05 552.777
3.05386e-05 536.725
2.31013e-05 519.261
1.74753e-05 499.455
1.32194e-05 476.134
1e-05 442.719
