10000.0 15903.0
8111.31 14952.6
6579.33 14061.2
5336.7 13223.4
4328.76 12435.0
3511.19 11692.9
2848.04 10995.0
2310.13 10338.9
1873.82 9721.31
1519.91 9139.67
1232.85 8592.94
1000.0 8080.35
811.131 7600.32
657.933 7150.85
533.67 6729.84
432.876 6335.31
351.119 5965.35
284.804 5618.17
231.013 5292.09
187.382 4985.56
151.991 4705.55
123.285 4459.4
100.0 4238.71
81.1131 4041.91
65.7933 3865.67
53.367 3706.56
43.2876 3561.72
35.1119 3428.91
28.4804 3306.32
23.1013 3192.45
18.7382 3085.88
15.1991 2985.4
12.3285 2890.64
10.0 2801.06
8.69749 2743.32
7.56463 2686.74
6.57933 2630.93
5.72237 2575.56
4.97702 2520.35
4.32876 2465.35
3.76494 2410.79
3.27455 2356.78
2.84804 2303.27
2.47708 2250.24
2.15443 2197.61
1.87382 2145.28
1.62975 2093.13
1.41747 2041.01
1.23285 1988.85
1.07227 1936.96
0.932603 1885.62
0.811131 1834.8
0.70548 1784.65
0.613591 1735.63
0.53367 1688.14
0.464159 1642.36
0.403702 1598.39
0.351119 1556.52
0.305386 1516.88
0.265609 1479.24
0.231013 1443.37
0.200923 1409.03
0.174753 1376.15
0.151991 1344.68
0.132194 1314.47
0.114976 1285.34
0.1 1257.19
0.0756463 1203.62
0.0572237 1153.62
0.0432876 1107.72
0.0327455 1065.92
0.0247708 1027.96
0.0187382 993.504
0.0141747 962.382
0.0107227 934.06
0.00811131 907.879
0.00613591 883.5
0.00464159 860.682
0.00351119 839.227
0.00265609 818.974
0.00200923 799.756
0.00151991 781.636
0.00114976 764.405
0.000869749 747.895
0.000657933 731.974
0.000497702 716.561
0.000376494 701.635
0.000284804 687.296
0.000215443 673.591
0.000162975 660.571
0.000123285 648.244
9.32603e-05 636.595
7.0548e-05 625.604
5.3367e-05 615.246
4.03702e-05 605.486
3.05386e-05 596.31
2.31013e-05 587.708
1.74753e-05 579.597
1.32194e-05 571.863
1e-05 564.324
